POLYGON ((74427.254 15332.355, 74426.952 15332.364, 74426.957 15332.517, 74426.198 15332.541, 74426.212 15332.966, 74426.300 15332.963, 74426.316 15333.448, 74425.477 15333.474, 74425.475 15333.396, 74425.579 15333.393, 74425.573 15333.201, 74425.459 15333.204, 74425.453 15333.016, 74425.025 15333.030, 74425.043 15333.613, 74424.786 15333.621, 74424.807 15334.280, 74426.076 15334.241, 74426.082 15334.431, 74426.437 15334.419, 74426.431 15334.231, 74427.312 15334.203, 74427.254 15332.355))

POLYGON ((74421.594 15317.210, 74421.213 15317.220, 74421.213 15317.233, 74420.966 15317.240, 74420.973 15317.477, 74421.086 15317.474, 74421.086 15317.494, 74421.080 15317.494, 74421.083 15317.605, 74421.026 15317.607, 74421.033 15317.859, 74421.094 15317.857, 74421.099 15318.041, 74421.731 15318.023, 74421.727 15317.904, 74421.773 15317.903, 74421.762 15317.493, 74421.681 15317.495, 74421.677 15317.341, 74421.598 15317.343, 74421.594 15317.210))








